"","V1","V2","V3","V4","V5","V6","V7","V8","V9","V10"
"1",0.104166666666667,0.0729166666666667,0.0520833333333333,0.0729166666666667,0.15625,0.114583333333333,0.197916666666667,0.0520833333333333,0.114583333333333,0.0625
"2",0.0769230769230769,0.0897435897435897,0.0769230769230769,0.102564102564103,0.141025641025641,0.115384615384615,0.192307692307692,0.0641025641025641,0.0769230769230769,0.0641025641025641
"3",0.0657894736842105,0.0789473684210526,0.0789473684210526,0.118421052631579,0.0921052631578947,0.131578947368421,0.223684210526316,0.0789473684210526,0.0657894736842105,0.0657894736842105
"4",0.0746268656716418,0.104477611940299,0.104477611940299,0.119402985074627,0.0746268656716418,0.0895522388059701,0.134328358208955,0.104477611940299,0.104477611940299,0.0895522388059701
"5",0.0657894736842105,0.0921052631578947,0.0657894736842105,0.0789473684210526,0.0657894736842105,0.131578947368421,0.236842105263158,0.105263157894737,0.0921052631578947,0.0657894736842105
"6",0.0684931506849315,0.0958904109589041,0.0684931506849315,0.0684931506849315,0.0958904109589041,0.123287671232877,0.191780821917808,0.123287671232877,0.0958904109589041,0.0684931506849315
"7",0.0649350649350649,0.0909090909090909,0.0909090909090909,0.0779220779220779,0.103896103896104,0.116883116883117,0.168831168831169,0.12987012987013,0.0909090909090909,0.0649350649350649
"8",0.0736842105263158,0.0947368421052632,0.0631578947368421,0.0842105263157895,0.168421052631579,0.126315789473684,0.168421052631579,0.0736842105263158,0.0736842105263158,0.0736842105263158
"9",0.0576923076923077,0.144230769230769,0.0673076923076923,0.0865384615384615,0.163461538461538,0.144230769230769,0.153846153846154,0.0673076923076923,0.0576923076923077,0.0576923076923077
"10",0.0614035087719298,0.105263157894737,0.043859649122807,0.105263157894737,0.175438596491228,0.131578947368421,0.192982456140351,0.0614035087719298,0.0701754385964912,0.0526315789473684
"11",0.0686274509803922,0.0882352941176471,0.0882352941176471,0.0980392156862745,0.196078431372549,0.0980392156862745,0.176470588235294,0.0588235294117647,0.0686274509803922,0.0588235294117647
"12",0.0947368421052632,0.0947368421052632,0.0736842105263158,0.105263157894737,0.221052631578947,0.0631578947368421,0.147368421052632,0.0631578947368421,0.0842105263157895,0.0526315789473684
"13",0.0925925925925926,0.0555555555555556,0.0740740740740741,0.0555555555555556,0.305555555555556,0.148148148148148,0.101851851851852,0.0555555555555556,0.0648148148148148,0.0462962962962963
"14",0.102040816326531,0.0510204081632653,0.0510204081632653,0.0714285714285714,0.316326530612245,0.122448979591837,0.0918367346938776,0.0510204081632653,0.0714285714285714,0.0714285714285714
"15",0.0947368421052632,0.0631578947368421,0.0526315789473684,0.0526315789473684,0.326315789473684,0.126315789473684,0.0947368421052632,0.0526315789473684,0.0736842105263158,0.0631578947368421
"16",0.114285714285714,0.0857142857142857,0.0714285714285714,0.0857142857142857,0.2,0.0857142857142857,0.1,0.0714285714285714,0.1,0.0857142857142857
"17",0.0958904109589041,0.0684931506849315,0.0821917808219178,0.0821917808219178,0.191780821917808,0.0958904109589041,0.123287671232877,0.0684931506849315,0.123287671232877,0.0684931506849315
"18",0.0930232558139535,0.0697674418604651,0.104651162790698,0.0930232558139535,0.174418604651163,0.0930232558139535,0.127906976744186,0.0697674418604651,0.116279069767442,0.0581395348837209
"19",0.0888888888888889,0.0777777777777778,0.122222222222222,0.1,0.155555555555556,0.111111111111111,0.111111111111111,0.0777777777777778,0.1,0.0555555555555556
"20",0.0581395348837209,0.0581395348837209,0.13953488372093,0.13953488372093,0.104651162790698,0.116279069767442,0.13953488372093,0.0697674418604651,0.116279069767442,0.0581395348837209
"21",0.0617283950617284,0.0740740740740741,0.111111111111111,0.111111111111111,0.160493827160494,0.123456790123457,0.123456790123457,0.0864197530864197,0.0864197530864197,0.0617283950617284
"22",0.0952380952380952,0.0833333333333333,0.0952380952380952,0.0595238095238095,0.119047619047619,0.142857142857143,0.130952380952381,0.119047619047619,0.0952380952380952,0.0595238095238095
"23",0.106382978723404,0.0638297872340425,0.0638297872340425,0.0638297872340425,0.148936170212766,0.159574468085106,0.148936170212766,0.106382978723404,0.0851063829787234,0.0531914893617021
"24",0.0736842105263158,0.0736842105263158,0.0526315789473684,0.0526315789473684,0.221052631578947,0.189473684210526,0.105263157894737,0.0842105263157895,0.0947368421052632,0.0526315789473684
"25",0.0754716981132075,0.0660377358490566,0.0660377358490566,0.0566037735849057,0.19811320754717,0.245283018867925,0.0566037735849057,0.0471698113207547,0.132075471698113,0.0566037735849057
"26",0.0729166666666667,0.0625,0.0729166666666667,0.0729166666666667,0.177083333333333,0.208333333333333,0.0520833333333333,0.0729166666666667,0.135416666666667,0.0729166666666667
"27",0.126315789473684,0.0631578947368421,0.0736842105263158,0.0947368421052632,0.115789473684211,0.2,0.0526315789473684,0.0526315789473684,0.157894736842105,0.0631578947368421
"28",0.146666666666667,0.08,0.0666666666666667,0.106666666666667,0.08,0.106666666666667,0.106666666666667,0.0666666666666667,0.173333333333333,0.0666666666666667
"29",0.207317073170732,0.0975609756097561,0.0731707317073171,0.0731707317073171,0.0731707317073171,0.134146341463415,0.0853658536585366,0.0609756097560976,0.134146341463415,0.0609756097560976
"30",0.177215189873418,0.0886075949367089,0.0886075949367089,0.0759493670886076,0.0759493670886076,0.10126582278481,0.151898734177215,0.0759493670886076,0.10126582278481,0.0632911392405063
"31",0.160493827160494,0.0740740740740741,0.0740740740740741,0.0617283950617284,0.0864197530864197,0.123456790123457,0.160493827160494,0.0864197530864197,0.111111111111111,0.0617283950617284
"32",0.0821917808219178,0.0684931506849315,0.0821917808219178,0.0821917808219178,0.10958904109589,0.10958904109589,0.191780821917808,0.10958904109589,0.0821917808219178,0.0821917808219178
"33",0.0810810810810811,0.0810810810810811,0.0810810810810811,0.108108108108108,0.135135135135135,0.121621621621622,0.162162162162162,0.0945945945945946,0.0675675675675676,0.0675675675675676
"34",0.0609756097560976,0.0975609756097561,0.0853658536585366,0.121951219512195,0.146341463414634,0.134146341463415,0.146341463414634,0.0731707317073171,0.0609756097560976,0.0731707317073171
"35",0.0769230769230769,0.0989010989010989,0.0879120879120879,0.0879120879120879,0.175824175824176,0.0989010989010989,0.186813186813187,0.0659340659340659,0.0549450549450549,0.0659340659340659
"36",0.0652173913043478,0.119565217391304,0.0760869565217391,0.0652173913043478,0.184782608695652,0.108695652173913,0.184782608695652,0.0652173913043478,0.0652173913043478,0.0652173913043478
"37",0.0568181818181818,0.102272727272727,0.0681818181818182,0.0681818181818182,0.170454545454545,0.0909090909090909,0.227272727272727,0.0568181818181818,0.0795454545454545,0.0795454545454545
"38",0.0789473684210526,0.0789473684210526,0.0657894736842105,0.0657894736842105,0.184210526315789,0.131578947368421,0.157894736842105,0.0657894736842105,0.0921052631578947,0.0789473684210526
"39",0.0857142857142857,0.0714285714285714,0.0857142857142857,0.0714285714285714,0.142857142857143,0.0857142857142857,0.214285714285714,0.0857142857142857,0.0857142857142857,0.0714285714285714
"40",0.0967741935483871,0.0806451612903226,0.0967741935483871,0.0967741935483871,0.0806451612903226,0.0967741935483871,0.193548387096774,0.0806451612903226,0.0806451612903226,0.0967741935483871
"41",0.0735294117647059,0.0735294117647059,0.0882352941176471,0.102941176470588,0.0882352941176471,0.0735294117647059,0.220588235294118,0.0735294117647059,0.132352941176471,0.0735294117647059
"42",0.0675675675675676,0.0675675675675676,0.0945945945945946,0.0945945945945946,0.0810810810810811,0.0675675675675676,0.283783783783784,0.0675675675675676,0.108108108108108,0.0675675675675676
"43",0.0588235294117647,0.0588235294117647,0.0705882352941176,0.0823529411764706,0.0823529411764706,0.0705882352941176,0.376470588235294,0.0588235294117647,0.0823529411764706,0.0588235294117647
"44",0.0588235294117647,0.0705882352941176,0.105882352941176,0.0705882352941176,0.105882352941176,0.0823529411764706,0.305882352941176,0.0705882352941176,0.0705882352941176,0.0588235294117647
"45",0.0543478260869565,0.0543478260869565,0.0869565217391304,0.0543478260869565,0.130434782608696,0.119565217391304,0.315217391304348,0.0652173913043478,0.0543478260869565,0.0652173913043478
"46",0.0612244897959184,0.0612244897959184,0.0918367346938776,0.0612244897959184,0.173469387755102,0.153061224489796,0.244897959183673,0.0510204081632653,0.0510204081632653,0.0510204081632653
"47",0.0917431192660551,0.0917431192660551,0.0642201834862385,0.073394495412844,0.146788990825688,0.165137614678899,0.192660550458716,0.055045871559633,0.055045871559633,0.0642201834862385
"48",0.135922330097087,0.0970873786407767,0.0776699029126214,0.087378640776699,0.155339805825243,0.106796116504854,0.16504854368932,0.0679611650485437,0.058252427184466,0.0485436893203883
"49",0.119565217391304,0.0869565217391304,0.0869565217391304,0.119565217391304,0.108695652173913,0.119565217391304,0.152173913043478,0.0760869565217391,0.0652173913043478,0.0652173913043478
"50",0.117647058823529,0.141176470588235,0.117647058823529,0.0941176470588235,0.0823529411764706,0.141176470588235,0.117647058823529,0.0588235294117647,0.0705882352941176,0.0588235294117647
"51",0.0941176470588235,0.164705882352941,0.141176470588235,0.0941176470588235,0.0588235294117647,0.176470588235294,0.0823529411764706,0.0705882352941176,0.0588235294117647,0.0588235294117647
"52",0.0918367346938776,0.173469387755102,0.102040816326531,0.0816326530612245,0.0816326530612245,0.0918367346938776,0.163265306122449,0.102040816326531,0.0612244897959184,0.0510204081632653
"53",0.0480769230769231,0.134615384615385,0.105769230769231,0.0673076923076923,0.163461538461538,0.125,0.173076923076923,0.0673076923076923,0.0576923076923077,0.0576923076923077
"54",0.0693069306930693,0.0891089108910891,0.0891089108910891,0.0693069306930693,0.148514851485149,0.118811881188119,0.217821782178218,0.0495049504950495,0.0891089108910891,0.0594059405940594
"55",0.0888888888888889,0.133333333333333,0.1,0.0666666666666667,0.144444444444444,0.111111111111111,0.133333333333333,0.1,0.0555555555555556,0.0666666666666667
"56",0.144230769230769,0.125,0.134615384615385,0.0961538461538462,0.115384615384615,0.0865384615384615,0.115384615384615,0.0673076923076923,0.0576923076923077,0.0576923076923077
"57",0.118181818181818,0.0818181818181818,0.109090909090909,0.118181818181818,0.0818181818181818,0.118181818181818,0.127272727272727,0.118181818181818,0.0636363636363636,0.0636363636363636
"58",0.0891089108910891,0.099009900990099,0.099009900990099,0.128712871287129,0.0693069306930693,0.118811881188119,0.168316831683168,0.0891089108910891,0.0891089108910891,0.0495049504950495
"59",0.0684931506849315,0.0684931506849315,0.0958904109589041,0.0821917808219178,0.0821917808219178,0.10958904109589,0.164383561643836,0.0958904109589041,0.164383561643836,0.0684931506849315
"60",0.111111111111111,0.0833333333333333,0.0972222222222222,0.0972222222222222,0.0694444444444444,0.0833333333333333,0.138888888888889,0.111111111111111,0.138888888888889,0.0694444444444444
"61",0.0759493670886076,0.0886075949367089,0.113924050632911,0.10126582278481,0.0886075949367089,0.113924050632911,0.139240506329114,0.0886075949367089,0.126582278481013,0.0632911392405063
"62",0.0697674418604651,0.0813953488372093,0.186046511627907,0.0581395348837209,0.104651162790698,0.0930232558139535,0.127906976744186,0.104651162790698,0.104651162790698,0.0697674418604651
"63",0.0625,0.0875,0.2,0.075,0.1,0.075,0.125,0.1125,0.0875,0.075
"64",0.0657894736842105,0.0789473684210526,0.157894736842105,0.0921052631578947,0.0921052631578947,0.118421052631579,0.105263157894737,0.105263157894737,0.105263157894737,0.0789473684210526
"65",0.09375,0.078125,0.09375,0.09375,0.09375,0.1875,0.109375,0.078125,0.09375,0.078125
"66",0.0769230769230769,0.0769230769230769,0.0923076923076923,0.0769230769230769,0.0923076923076923,0.184615384615385,0.0923076923076923,0.107692307692308,0.0923076923076923,0.107692307692308
"67",0.0869565217391304,0.072463768115942,0.115942028985507,0.072463768115942,0.101449275362319,0.173913043478261,0.0869565217391304,0.0869565217391304,0.115942028985507,0.0869565217391304
"68",0.0833333333333333,0.119047619047619,0.0833333333333333,0.0714285714285714,0.0833333333333333,0.214285714285714,0.107142857142857,0.0952380952380952,0.0714285714285714,0.0714285714285714
"69",0.0625,0.1,0.075,0.0875,0.1,0.2125,0.125,0.0875,0.075,0.075
"70",0.0985915492957746,0.126760563380282,0.0704225352112676,0.0704225352112676,0.0845070422535211,0.197183098591549,0.0704225352112676,0.0985915492957746,0.0985915492957746,0.0845070422535211
"71",0.0714285714285714,0.0857142857142857,0.0714285714285714,0.114285714285714,0.114285714285714,0.2,0.0714285714285714,0.1,0.1,0.0714285714285714
"72",0.0875,0.075,0.075,0.1125,0.1875,0.15,0.1125,0.0625,0.075,0.0625
"73",0.0666666666666667,0.0777777777777778,0.1,0.111111111111111,0.188888888888889,0.188888888888889,0.0555555555555556,0.0777777777777778,0.0777777777777778,0.0555555555555556
"74",0.0609756097560976,0.0731707317073171,0.109756097560976,0.121951219512195,0.207317073170732,0.121951219512195,0.121951219512195,0.0609756097560976,0.0609756097560976,0.0609756097560976
"75",0.0704225352112676,0.0704225352112676,0.0845070422535211,0.112676056338028,0.154929577464789,0.154929577464789,0.126760563380282,0.0704225352112676,0.0704225352112676,0.0845070422535211
"76",0.0769230769230769,0.107692307692308,0.0769230769230769,0.0923076923076923,0.138461538461538,0.107692307692308,0.153846153846154,0.0769230769230769,0.0923076923076923,0.0769230769230769
"77",0.0819672131147541,0.0819672131147541,0.0819672131147541,0.0819672131147541,0.147540983606557,0.0819672131147541,0.163934426229508,0.0819672131147541,0.0983606557377049,0.0983606557377049
"78",0.0952380952380952,0.0952380952380952,0.0952380952380952,0.0793650793650794,0.126984126984127,0.0952380952380952,0.158730158730159,0.0793650793650794,0.0952380952380952,0.0793650793650794
"79",0.0983606557377049,0.0983606557377049,0.0983606557377049,0.0819672131147541,0.0819672131147541,0.0983606557377049,0.180327868852459,0.0819672131147541,0.0983606557377049,0.0819672131147541
"80",0.0746268656716418,0.0895522388059701,0.104477611940299,0.0895522388059701,0.119402985074627,0.119402985074627,0.164179104477612,0.0746268656716418,0.0746268656716418,0.0895522388059701
"81",0.0857142857142857,0.0714285714285714,0.142857142857143,0.0857142857142857,0.0714285714285714,0.171428571428571,0.114285714285714,0.0857142857142857,0.0857142857142857,0.0857142857142857
"82",0.0821917808219178,0.0684931506849315,0.150684931506849,0.0684931506849315,0.0821917808219178,0.191780821917808,0.0821917808219178,0.0684931506849315,0.10958904109589,0.0958904109589041
"83",0.0595238095238095,0.0595238095238095,0.154761904761905,0.0714285714285714,0.0952380952380952,0.25,0.0952380952380952,0.0595238095238095,0.0714285714285714,0.0833333333333333
"84",0.0860215053763441,0.0537634408602151,0.129032258064516,0.0645161290322581,0.0645161290322581,0.268817204301075,0.118279569892473,0.0537634408602151,0.0752688172043011,0.0860215053763441
"85",0.074468085106383,0.0638297872340425,0.117021276595745,0.074468085106383,0.0851063829787234,0.24468085106383,0.127659574468085,0.0638297872340425,0.0638297872340425,0.0851063829787234
"86",0.0919540229885057,0.0689655172413793,0.0689655172413793,0.0919540229885057,0.0689655172413793,0.160919540229885,0.195402298850575,0.0574712643678161,0.0689655172413793,0.126436781609195
"87",0.0657894736842105,0.105263157894737,0.0657894736842105,0.0921052631578947,0.0789473684210526,0.131578947368421,0.184210526315789,0.0789473684210526,0.0657894736842105,0.131578947368421
"88",0.0574712643678161,0.0804597701149425,0.0689655172413793,0.0689655172413793,0.103448275862069,0.126436781609195,0.195402298850575,0.0919540229885057,0.0574712643678161,0.149425287356322
"89",0.075,0.075,0.0875,0.075,0.0875,0.2125,0.1125,0.0875,0.0625,0.125
"90",0.0657894736842105,0.0921052631578947,0.0789473684210526,0.0789473684210526,0.157894736842105,0.184210526315789,0.0921052631578947,0.105263157894737,0.0657894736842105,0.0789473684210526
"91",0.078125,0.125,0.078125,0.078125,0.15625,0.140625,0.078125,0.09375,0.078125,0.09375
"92",0.0769230769230769,0.123076923076923,0.0923076923076923,0.0769230769230769,0.0923076923076923,0.184615384615385,0.0923076923076923,0.0769230769230769,0.107692307692308,0.0769230769230769
"93",0.111111111111111,0.0666666666666667,0.0666666666666667,0.0666666666666667,0.166666666666667,0.211111111111111,0.111111111111111,0.0555555555555556,0.0888888888888889,0.0555555555555556
"94",0.108108108108108,0.0630630630630631,0.0720720720720721,0.0630630630630631,0.153153153153153,0.198198198198198,0.135135135135135,0.0630630630630631,0.0720720720720721,0.0720720720720721
"95",0.1,0.0785714285714286,0.0857142857142857,0.0714285714285714,0.171428571428571,0.207142857142857,0.107142857142857,0.0571428571428571,0.0714285714285714,0.05
"96",0.11864406779661,0.0677966101694915,0.101694915254237,0.0508474576271186,0.211864406779661,0.161016949152542,0.076271186440678,0.0677966101694915,0.076271186440678,0.0677966101694915
"97",0.123809523809524,0.0571428571428571,0.0666666666666667,0.0761904761904762,0.238095238095238,0.123809523809524,0.0857142857142857,0.0761904761904762,0.0761904761904762,0.0761904761904762
"98",0.126582278481013,0.0886075949367089,0.10126582278481,0.0632911392405063,0.126582278481013,0.10126582278481,0.126582278481013,0.0886075949367089,0.0886075949367089,0.0886075949367089
"99",0.105263157894737,0.105263157894737,0.105263157894737,0.105263157894737,0.105263157894737,0.105263157894737,0.144736842105263,0.0789473684210526,0.0657894736842105,0.0789473684210526
"100",0.0963855421686747,0.0963855421686747,0.120481927710843,0.0963855421686747,0.120481927710843,0.0843373493975904,0.132530120481928,0.108433734939759,0.0602409638554217,0.0843373493975904
"101",0.0975609756097561,0.109756097560976,0.109756097560976,0.0975609756097561,0.158536585365854,0.0853658536585366,0.0609756097560976,0.134146341463415,0.0609756097560976,0.0853658536585366
"102",0.113636363636364,0.0681818181818182,0.0909090909090909,0.0909090909090909,0.159090909090909,0.102272727272727,0.125,0.113636363636364,0.0681818181818182,0.0681818181818182
"103",0.105882352941176,0.0941176470588235,0.0705882352941176,0.0823529411764706,0.0941176470588235,0.176470588235294,0.105882352941176,0.0941176470588235,0.105882352941176,0.0705882352941176
"104",0.075,0.1125,0.1125,0.075,0.0875,0.15,0.125,0.0875,0.1125,0.0625
"105",0.0886075949367089,0.10126582278481,0.0886075949367089,0.113924050632911,0.0886075949367089,0.113924050632911,0.113924050632911,0.10126582278481,0.113924050632911,0.0759493670886076
"106",0.0972222222222222,0.0694444444444444,0.166666666666667,0.0972222222222222,0.0694444444444444,0.0972222222222222,0.111111111111111,0.0972222222222222,0.0833333333333333,0.111111111111111
"107",0.102564102564103,0.0769230769230769,0.166666666666667,0.141025641025641,0.0769230769230769,0.0769230769230769,0.102564102564103,0.0769230769230769,0.0641025641025641,0.115384615384615
"108",0.103896103896104,0.0649350649350649,0.155844155844156,0.181818181818182,0.0779220779220779,0.0909090909090909,0.103896103896104,0.0649350649350649,0.0649350649350649,0.0909090909090909
"109",0.0666666666666667,0.0666666666666667,0.2,0.186666666666667,0.0933333333333333,0.0933333333333333,0.0933333333333333,0.0666666666666667,0.0666666666666667,0.0666666666666667
"110",0.0810810810810811,0.0810810810810811,0.175675675675676,0.202702702702703,0.108108108108108,0.0810810810810811,0.0675675675675676,0.0675675675675676,0.0675675675675676,0.0675675675675676
"111",0.0684931506849315,0.0684931506849315,0.191780821917808,0.191780821917808,0.10958904109589,0.0684931506849315,0.0821917808219178,0.0684931506849315,0.0821917808219178,0.0684931506849315
"112",0.0649350649350649,0.0909090909090909,0.12987012987013,0.12987012987013,0.12987012987013,0.0909090909090909,0.0909090909090909,0.0649350649350649,0.116883116883117,0.0909090909090909
"113",0.0821917808219178,0.123287671232877,0.0821917808219178,0.0821917808219178,0.0821917808219178,0.123287671232877,0.123287671232877,0.10958904109589,0.0958904109589041,0.0958904109589041
"114",0.108433734939759,0.072289156626506,0.0843373493975904,0.072289156626506,0.108433734939759,0.156626506024096,0.120481927710843,0.0963855421686747,0.0963855421686747,0.0843373493975904
"115",0.0864197530864197,0.0740740740740741,0.0987654320987654,0.0987654320987654,0.111111111111111,0.185185185185185,0.111111111111111,0.0740740740740741,0.0864197530864197,0.0740740740740741
"116",0.0659340659340659,0.0659340659340659,0.10989010989011,0.0989010989010989,0.142857142857143,0.263736263736264,0.0659340659340659,0.0549450549450549,0.0769230769230769,0.0549450549450549
"117",0.0919540229885057,0.0689655172413793,0.114942528735632,0.0919540229885057,0.126436781609195,0.183908045977011,0.126436781609195,0.0689655172413793,0.0689655172413793,0.0574712643678161
"118",0.0679611650485437,0.0776699029126214,0.0970873786407767,0.106796116504854,0.135922330097087,0.242718446601942,0.106796116504854,0.0485436893203883,0.058252427184466,0.058252427184466
"119",0.1,0.0909090909090909,0.0818181818181818,0.1,0.209090909090909,0.154545454545455,0.127272727272727,0.0454545454545455,0.0454545454545455,0.0454545454545455
"120",0.0672268907563025,0.0588235294117647,0.0672268907563025,0.0672268907563025,0.235294117647059,0.168067226890756,0.151260504201681,0.0588235294117647,0.0840336134453782,0.0420168067226891
"121",0.0769230769230769,0.0480769230769231,0.0576923076923077,0.0576923076923077,0.259615384615385,0.173076923076923,0.125,0.0576923076923077,0.0961538461538462,0.0480769230769231
"122",0.102272727272727,0.0681818181818182,0.0795454545454545,0.0681818181818182,0.147727272727273,0.147727272727273,0.147727272727273,0.0795454545454545,0.102272727272727,0.0568181818181818
"123",0.12987012987013,0.0649350649350649,0.0909090909090909,0.0649350649350649,0.12987012987013,0.181818181818182,0.0779220779220779,0.0909090909090909,0.103896103896104,0.0649350649350649
"124",0.157142857142857,0.0714285714285714,0.0857142857142857,0.1,0.0714285714285714,0.142857142857143,0.0714285714285714,0.1,0.128571428571429,0.0714285714285714
"125",0.161764705882353,0.0735294117647059,0.0882352941176471,0.0735294117647059,0.0735294117647059,0.132352941176471,0.0735294117647059,0.102941176470588,0.117647058823529,0.102941176470588
"126",0.0909090909090909,0.0909090909090909,0.0757575757575758,0.106060606060606,0.0909090909090909,0.151515151515152,0.0909090909090909,0.0909090909090909,0.106060606060606,0.106060606060606
"127",0.1125,0.075,0.1125,0.1375,0.1,0.0875,0.0875,0.0875,0.0875,0.1125
"128",0.115789473684211,0.0947368421052632,0.0736842105263158,0.105263157894737,0.147368421052632,0.136842105263158,0.0736842105263158,0.0736842105263158,0.0842105263157895,0.0947368421052632
"129",0.125,0.0480769230769231,0.0961538461538462,0.115384615384615,0.144230769230769,0.115384615384615,0.0865384615384615,0.0865384615384615,0.105769230769231,0.0769230769230769
"130",0.10752688172043,0.0645161290322581,0.0967741935483871,0.0752688172043011,0.139784946236559,0.161290322580645,0.0967741935483871,0.0537634408602151,0.129032258064516,0.0752688172043011
"131",0.1,0.0875,0.15,0.0875,0.1,0.075,0.1125,0.075,0.125,0.0875
"132",0.0779220779220779,0.0909090909090909,0.207792207792208,0.0649350649350649,0.0779220779220779,0.0909090909090909,0.12987012987013,0.0649350649350649,0.12987012987013,0.0649350649350649
"133",0.0684931506849315,0.0684931506849315,0.246575342465753,0.0684931506849315,0.0684931506849315,0.0821917808219178,0.136986301369863,0.0684931506849315,0.123287671232877,0.0684931506849315
"134",0.0649350649350649,0.0649350649350649,0.207792207792208,0.0909090909090909,0.0909090909090909,0.103896103896104,0.12987012987013,0.0649350649350649,0.103896103896104,0.0779220779220779
"135",0.0704225352112676,0.0845070422535211,0.112676056338028,0.0704225352112676,0.126760563380282,0.140845070422535,0.0985915492957746,0.0704225352112676,0.112676056338028,0.112676056338028
"136",0.0759493670886076,0.0632911392405063,0.0886075949367089,0.113924050632911,0.126582278481013,0.177215189873418,0.0632911392405063,0.0759493670886076,0.113924050632911,0.10126582278481
"137",0.174418604651163,0.0581395348837209,0.116279069767442,0.151162790697674,0.0813953488372093,0.0930232558139535,0.0697674418604651,0.0813953488372093,0.0813953488372093,0.0930232558139535
"138",0.160919540229885,0.0919540229885057,0.114942528735632,0.114942528735632,0.0919540229885057,0.0804597701149425,0.0689655172413793,0.0689655172413793,0.137931034482759,0.0689655172413793
"139",0.179487179487179,0.0897435897435897,0.128205128205128,0.0897435897435897,0.0769230769230769,0.0769230769230769,0.0897435897435897,0.0769230769230769,0.115384615384615,0.0769230769230769
"140",0.123076923076923,0.107692307692308,0.138461538461538,0.0769230769230769,0.107692307692308,0.0923076923076923,0.0923076923076923,0.0769230769230769,0.107692307692308,0.0769230769230769
"141",0.132352941176471,0.0735294117647059,0.117647058823529,0.0735294117647059,0.0882352941176471,0.132352941176471,0.147058823529412,0.0735294117647059,0.0882352941176471,0.0735294117647059
"142",0.119402985074627,0.0895522388059701,0.119402985074627,0.0746268656716418,0.0895522388059701,0.119402985074627,0.134328358208955,0.0746268656716418,0.104477611940299,0.0746268656716418
"143",0.123076923076923,0.0769230769230769,0.0923076923076923,0.107692307692308,0.107692307692308,0.107692307692308,0.0923076923076923,0.0769230769230769,0.123076923076923,0.0923076923076923
"144",0.0892857142857143,0.107142857142857,0.125,0.107142857142857,0.0892857142857143,0.0892857142857143,0.0892857142857143,0.0892857142857143,0.107142857142857,0.107142857142857
"145",0.0806451612903226,0.0967741935483871,0.145161290322581,0.0967741935483871,0.0806451612903226,0.0967741935483871,0.112903225806452,0.0806451612903226,0.112903225806452,0.0967741935483871
"146",0.0941176470588235,0.0941176470588235,0.176470588235294,0.0823529411764706,0.0588235294117647,0.0588235294117647,0.105882352941176,0.0705882352941176,0.105882352941176,0.152941176470588
"147",0.139784946236559,0.0752688172043011,0.0752688172043011,0.118279569892473,0.10752688172043,0.0752688172043011,0.0752688172043011,0.0645161290322581,0.204301075268817,0.0645161290322581
"148",0.138297872340426,0.117021276595745,0.074468085106383,0.159574468085106,0.0957446808510638,0.0531914893617021,0.074468085106383,0.0638297872340425,0.127659574468085,0.0957446808510638
"149",0.130434782608696,0.0869565217391304,0.0760869565217391,0.16304347826087,0.0869565217391304,0.0760869565217391,0.0760869565217391,0.0760869565217391,0.152173913043478,0.0760869565217391
"150",0.1375,0.125,0.0875,0.1,0.1125,0.0625,0.075,0.0875,0.125,0.0875
"151",0.142857142857143,0.1,0.0714285714285714,0.1,0.0857142857142857,0.0857142857142857,0.0857142857142857,0.1,0.157142857142857,0.0714285714285714
"152",0.116279069767442,0.0930232558139535,0.0813953488372093,0.13953488372093,0.0813953488372093,0.0697674418604651,0.104651162790698,0.0930232558139535,0.13953488372093,0.0813953488372093
"153",0.0652173913043478,0.108695652173913,0.0760869565217391,0.195652173913043,0.0869565217391304,0.0869565217391304,0.0869565217391304,0.0978260869565217,0.108695652173913,0.0869565217391304
"154",0.06,0.1,0.07,0.17,0.11,0.08,0.12,0.06,0.11,0.12
"155",0.072289156626506,0.0602409638554217,0.072289156626506,0.180722891566265,0.072289156626506,0.120481927710843,0.180722891566265,0.072289156626506,0.0843373493975904,0.0843373493975904
"156",0.0704225352112676,0.0704225352112676,0.0845070422535211,0.112676056338028,0.0704225352112676,0.0985915492957746,0.23943661971831,0.0845070422535211,0.0845070422535211,0.0845070422535211
"157",0.0657894736842105,0.0789473684210526,0.0921052631578947,0.0921052631578947,0.0789473684210526,0.131578947368421,0.236842105263158,0.0789473684210526,0.0789473684210526,0.0657894736842105
"158",0.0886075949367089,0.126582278481013,0.0886075949367089,0.0886075949367089,0.113924050632911,0.0759493670886076,0.20253164556962,0.0759493670886076,0.0759493670886076,0.0632911392405063
"159",0.0843373493975904,0.0963855421686747,0.072289156626506,0.0843373493975904,0.0843373493975904,0.0963855421686747,0.27710843373494,0.072289156626506,0.072289156626506,0.0602409638554217
"160",0.108108108108108,0.0945945945945946,0.0810810810810811,0.121621621621622,0.108108108108108,0.0675675675675676,0.162162162162162,0.0945945945945946,0.0675675675675676,0.0945945945945946
"161",0.138888888888889,0.0694444444444444,0.0833333333333333,0.111111111111111,0.111111111111111,0.0694444444444444,0.152777777777778,0.0694444444444444,0.125,0.0694444444444444
"162",0.15,0.0625,0.075,0.0875,0.075,0.075,0.0875,0.125,0.1625,0.1
"163",0.16,0.0666666666666667,0.08,0.0666666666666667,0.0933333333333333,0.08,0.0666666666666667,0.12,0.186666666666667,0.08
"164",0.125,0.0694444444444444,0.0972222222222222,0.0694444444444444,0.0833333333333333,0.111111111111111,0.0833333333333333,0.0833333333333333,0.194444444444444,0.0833333333333333
"165",0.087719298245614,0.087719298245614,0.087719298245614,0.087719298245614,0.140350877192982,0.087719298245614,0.087719298245614,0.087719298245614,0.140350877192982,0.105263157894737
"166",0.0847457627118644,0.101694915254237,0.0847457627118644,0.0847457627118644,0.11864406779661,0.0847457627118644,0.0847457627118644,0.0847457627118644,0.169491525423729,0.101694915254237
"167",0.078125,0.078125,0.109375,0.078125,0.09375,0.078125,0.078125,0.09375,0.234375,0.078125
"168",0.0808080808080808,0.0707070707070707,0.141414141414141,0.0606060606060606,0.0909090909090909,0.0606060606060606,0.0909090909090909,0.0505050505050505,0.262626262626263,0.0909090909090909
"169",0.10377358490566,0.0471698113207547,0.10377358490566,0.0660377358490566,0.0943396226415094,0.0660377358490566,0.10377358490566,0.0849056603773585,0.245283018867925,0.0849056603773585
"170",0.0808823529411765,0.0661764705882353,0.0808823529411765,0.0735294117647059,0.125,0.0661764705882353,0.102941176470588,0.0735294117647059,0.264705882352941,0.0661764705882353
"171",0.0692307692307692,0.0846153846153846,0.0692307692307692,0.107692307692308,0.0769230769230769,0.0692307692307692,0.0538461538461538,0.1,0.284615384615385,0.0846153846153846
"172",0.252173913043478,0.0956521739130435,0.0869565217391304,0.121739130434783,0.0869565217391304,0.0869565217391304,0.104347826086957,0.0608695652173913,0.0608695652173913,0.0434782608695652
"173",0.161904761904762,0.123809523809524,0.0952380952380952,0.104761904761905,0.0952380952380952,0.104761904761905,0.123809523809524,0.0571428571428571,0.0857142857142857,0.0476190476190476
"174",0.179245283018868,0.0943396226415094,0.0849056603773585,0.0943396226415094,0.141509433962264,0.160377358490566,0.0943396226415094,0.0471698113207547,0.0566037735849057,0.0471698113207547
"175",0.149532710280374,0.0747663551401869,0.0560747663551402,0.177570093457944,0.130841121495327,0.14018691588785,0.0934579439252336,0.0560747663551402,0.0560747663551402,0.0654205607476635
"176",0.135593220338983,0.0932203389830508,0.076271186440678,0.135593220338983,0.0932203389830508,0.177966101694915,0.135593220338983,0.0508474576271186,0.0593220338983051,0.0423728813559322
"177",0.0956521739130435,0.0608695652173913,0.0869565217391304,0.191304347826087,0.121739130434783,0.121739130434783,0.156521739130435,0.0521739130434783,0.0695652173913043,0.0434782608695652
"178",0.0792079207920792,0.0693069306930693,0.099009900990099,0.108910891089109,0.118811881188119,0.207920792079208,0.128712871287129,0.0495049504950495,0.0792079207920792,0.0594059405940594
"179",0.0769230769230769,0.144230769230769,0.134615384615385,0.115384615384615,0.115384615384615,0.163461538461538,0.0865384615384615,0.0480769230769231,0.0576923076923077,0.0576923076923077
"180",0.0761904761904762,0.171428571428571,0.0952380952380952,0.0952380952380952,0.161904761904762,0.161904761904762,0.0666666666666667,0.0571428571428571,0.0571428571428571,0.0571428571428571
"181",0.078125,0.1875,0.0625,0.09375,0.15625,0.140625,0.1328125,0.0390625,0.046875,0.0625
"182",0.0948275862068965,0.163793103448276,0.0603448275862069,0.0775862068965517,0.181034482758621,0.112068965517241,0.155172413793103,0.0517241379310345,0.0517241379310345,0.0517241379310345
"183",0.114754098360656,0.147540983606557,0.0737704918032787,0.114754098360656,0.0983606557377049,0.131147540983607,0.139344262295082,0.0655737704918033,0.0737704918032787,0.040983606557377
"184",0.0808080808080808,0.161616161616162,0.0808080808080808,0.121212121212121,0.0707070707070707,0.121212121212121,0.111111111111111,0.0707070707070707,0.131313131313131,0.0505050505050505
"185",0.121495327102804,0.214953271028037,0.0654205607476635,0.0934579439252336,0.0841121495327103,0.11214953271028,0.102803738317757,0.0560747663551402,0.0934579439252336,0.0560747663551402
"186",0.159574468085106,0.191489361702128,0.0638297872340425,0.074468085106383,0.0531914893617021,0.117021276595745,0.117021276595745,0.0638297872340425,0.0957446808510638,0.0638297872340425
"187",0.112359550561798,0.112359550561798,0.101123595505618,0.0786516853932584,0.0786516853932584,0.146067415730337,0.123595505617978,0.101123595505618,0.0674157303370786,0.0786516853932584
"188",0.139240506329114,0.10126582278481,0.113924050632911,0.0759493670886076,0.0886075949367089,0.139240506329114,0.10126582278481,0.10126582278481,0.0632911392405063,0.0759493670886076
"189",0.103896103896104,0.0779220779220779,0.116883116883117,0.0909090909090909,0.0909090909090909,0.103896103896104,0.0649350649350649,0.194805194805195,0.0909090909090909,0.0649350649350649
"190",0.126436781609195,0.0804597701149425,0.0919540229885057,0.137931034482759,0.114942528735632,0.0919540229885057,0.0689655172413793,0.126436781609195,0.0689655172413793,0.0919540229885057
"191",0.146067415730337,0.101123595505618,0.0786516853932584,0.101123595505618,0.101123595505618,0.0898876404494382,0.0786516853932584,0.134831460674157,0.0674157303370786,0.101123595505618
"192",0.105769230769231,0.0576923076923077,0.125,0.163461538461538,0.0961538461538462,0.173076923076923,0.0769230769230769,0.0865384615384615,0.0480769230769231,0.0673076923076923
"193",0.0725806451612903,0.0645161290322581,0.0967741935483871,0.120967741935484,0.185483870967742,0.201612903225806,0.0725806451612903,0.0806451612903226,0.0483870967741935,0.0564516129032258
"194",0.165467625899281,0.0503597122302158,0.107913669064748,0.0647482014388489,0.266187050359712,0.143884892086331,0.0719424460431655,0.0575539568345324,0.0359712230215827,0.0359712230215827
"195",0.248175182481752,0.0437956204379562,0.116788321167883,0.0437956204379562,0.233576642335766,0.109489051094891,0.0510948905109489,0.0510948905109489,0.0656934306569343,0.0364963503649635
"196",0.330357142857143,0.0535714285714286,0.0803571428571429,0.0535714285714286,0.142857142857143,0.0892857142857143,0.0535714285714286,0.0982142857142857,0.0535714285714286,0.0446428571428571
"197",0.300884955752212,0.0707964601769911,0.123893805309735,0.0530973451327434,0.0619469026548673,0.123893805309735,0.0619469026548673,0.079646017699115,0.0707964601769911,0.0530973451327434
"198",0.26530612244898,0.0816326530612245,0.102040816326531,0.0612244897959184,0.0714285714285714,0.0918367346938776,0.0918367346938776,0.0714285714285714,0.0918367346938776,0.0714285714285714
"199",0.211538461538462,0.115384615384615,0.0961538461538462,0.0769230769230769,0.0961538461538462,0.144230769230769,0.0673076923076923,0.0576923076923077,0.0769230769230769,0.0576923076923077
"200",0.192660550458716,0.0642201834862385,0.100917431192661,0.146788990825688,0.055045871559633,0.137614678899083,0.119266055045872,0.055045871559633,0.073394495412844,0.055045871559633
"201",0.150442477876106,0.0530973451327434,0.079646017699115,0.168141592920354,0.115044247787611,0.150442477876106,0.0973451327433628,0.0442477876106195,0.0707964601769911,0.0707964601769911
"202",0.0970873786407767,0.0679611650485437,0.0679611650485437,0.184466019417476,0.12621359223301,0.145631067961165,0.116504854368932,0.058252427184466,0.058252427184466,0.0776699029126214
"203",0.0909090909090909,0.0795454545454545,0.136363636363636,0.113636363636364,0.102272727272727,0.125,0.159090909090909,0.0568181818181818,0.0568181818181818,0.0795454545454545
"204",0.0909090909090909,0.0909090909090909,0.102272727272727,0.0681818181818182,0.0909090909090909,0.170454545454545,0.193181818181818,0.0568181818181818,0.0681818181818182,0.0681818181818182
"205",0.104166666666667,0.0625,0.0729166666666667,0.0729166666666667,0.145833333333333,0.145833333333333,0.208333333333333,0.0833333333333333,0.0520833333333333,0.0520833333333333
"206",0.110169491525424,0.0677966101694915,0.076271186440678,0.076271186440678,0.110169491525424,0.152542372881356,0.203389830508475,0.101694915254237,0.0508474576271186,0.0508474576271186
"207",0.102564102564103,0.0598290598290598,0.0598290598290598,0.0769230769230769,0.11965811965812,0.179487179487179,0.196581196581197,0.094017094017094,0.0683760683760684,0.0427350427350427
"208",0.108333333333333,0.0583333333333333,0.0666666666666667,0.0666666666666667,0.1,0.258333333333333,0.15,0.075,0.05,0.0666666666666667
"209",0.146788990825688,0.0642201834862385,0.0642201834862385,0.055045871559633,0.0458715596330275,0.284403669724771,0.18348623853211,0.055045871559633,0.0458715596330275,0.055045871559633
"210",0.126865671641791,0.0597014925373134,0.0746268656716418,0.0522388059701493,0.0671641791044776,0.171641791044776,0.246268656716418,0.0597014925373134,0.082089552238806,0.0597014925373134
"211",0.114035087719298,0.0614035087719298,0.0789473684210526,0.087719298245614,0.0526315789473684,0.166666666666667,0.236842105263158,0.0701754385964912,0.0789473684210526,0.0526315789473684
"212",0.107843137254902,0.0784313725490196,0.107843137254902,0.107843137254902,0.0686274509803922,0.0588235294117647,0.225490196078431,0.0980392156862745,0.0882352941176471,0.0588235294117647
"213",0.0657894736842105,0.118421052631579,0.0789473684210526,0.131578947368421,0.0789473684210526,0.118421052631579,0.144736842105263,0.0921052631578947,0.0657894736842105,0.105263157894737
"214",0.0789473684210526,0.184210526315789,0.105263157894737,0.105263157894737,0.0657894736842105,0.118421052631579,0.118421052631579,0.0657894736842105,0.0657894736842105,0.0921052631578947
"215",0.075,0.1625,0.1,0.1125,0.0625,0.0875,0.1,0.0875,0.1125,0.1
"216",0.0864197530864197,0.185185185185185,0.0864197530864197,0.123456790123457,0.0740740740740741,0.0740740740740741,0.0740740740740741,0.0864197530864197,0.111111111111111,0.0987654320987654
"217",0.103448275862069,0.126436781609195,0.103448275862069,0.103448275862069,0.0689655172413793,0.0689655172413793,0.0919540229885057,0.137931034482759,0.126436781609195,0.0689655172413793
"218",0.107142857142857,0.130952380952381,0.119047619047619,0.0952380952380952,0.0595238095238095,0.0952380952380952,0.0952380952380952,0.154761904761905,0.0714285714285714,0.0714285714285714
"219",0.125,0.0833333333333333,0.125,0.0972222222222222,0.0833333333333333,0.0972222222222222,0.111111111111111,0.111111111111111,0.0972222222222222,0.0694444444444444
"220",0.140625,0.078125,0.078125,0.125,0.109375,0.078125,0.078125,0.125,0.109375,0.078125
"221",0.0869565217391304,0.115942028985507,0.101449275362319,0.101449275362319,0.0869565217391304,0.101449275362319,0.115942028985507,0.130434782608696,0.0869565217391304,0.072463768115942
"222",0.072463768115942,0.115942028985507,0.115942028985507,0.0869565217391304,0.115942028985507,0.101449275362319,0.101449275362319,0.115942028985507,0.101449275362319,0.072463768115942
